06 08 11 22 25 33
02 08 21 25 26 30
01 20 23 26 27 32
03 09 16 17 20 26
10 15 17 27 29 31
04 05 10 13 15 19
01 06 12 18 22 24
01 09 11 12 16 19
02 21 23 26 31 32
02 14 16 21 29 30
01 06 12 26 29 30
11 15 20 23 25 33
02 04 06 15 24 27
01 02 05 09 19 24
03 07 16 17 23 30
01 19 25 26 30 31
02 08 11 17 21 30
01 05 13 14 27 33
14 15 18 22 31 33
05 12 20 21 22 29
03 11 14 16 21 32
03 10 16 21 25 27
10 15 16 18 20 27
03 11 13 20 24 30
04 08 09 13 19 33
05 07 11 13 27 29
06 08 10 15 17 26
09 11 12 13 22 23
01 02 04 06 19 21
03 09 10 13 18 26
12 16 21 26 27 32
04 07 09 23 27 30
02 09 13 17 26 28
09 15 18 21 23 26
01 03 07 21 27 32
12 15 16 22 29 32
10 14 17 22 26 27
08 17 24 26 27 31
05 09 14 20 24 30
02 04 10 17 22 25
01 03 11 12 19 26
09 14 21 23 26 32
02 05 08 12 26 31
01 05 07 23 28 30
03 10 19 25 26 31
02 14 15 16 32 33
02 08 13 29 32 33
03 06 08 11 19 28
04 09 17 20 32 33
01 07 09 12 18 22
12 14 18 23 30 32
04 10 17 19 28 32
13 19 25 26 27 32
02 03 15 21 22 33
07 08 16 17 19 24
01 11 24 25 27 30
02 06 07 11 14 31
06 07 16 22 24 25
01 06 12 16 19 21
02 09 10 11 16 29
01 06 07 18 23 24
01 04 11 13 17 24
07 09 16 22 24 32
10 14 24 25 28 33
02 08 15 16 26 32
07 10 12 21 31 32
03 11 13 14 15 26
02 05 09 15 16 27
17 18 21 29 30 32
01 12 18 20 30 32
05 06 15 18 26 32
12 13 14 24 25 28
01 04 09 18 19 31
01 09 10 15 20 29
10 13 27 28 29 31
04 05 20 21 30 33
02 10 20 22 25 30
02 06 14 16 27 31
01 06 09 13 15 22
15 19 27 28 30 33
05 07 08 11 17 22
02 04 07 15 20 27
05 06 08 17 24 27
08 09 22 24 30 33
02 07 08 10 12 16
02 08 10 20 21 30
04 13 14 23 26 31
04 05 07 17 18 29
11 14 22 27 31 32
03 06 08 14 19 26
01 04 06 10 11 28
05 12 17 20 25 31
03 04 05 10 16 32
11 16 17 22 26 32
02 15 17 27 32 33
09 17 26 29 30 32
04 09 14 15 16 29
02 15 23 26 29 30
